0
-1
-58
-96
268
970
1547
2244
3222
3863
4002
3864
3279
2339
1278
0
-1279
-2340
-3280
-3865
-4003
-3865
-3280
-2340
-1279
0
1278
2339
3279
3864
4002
3864
3279
2339
1278
0
-1279
-2340
-3280
-3865
-4003
-3865
-3280
-2340
-1279
-1
1278
2339
3279
3864
4002
3864
3279
2339
1278
0
-1279
-2340
-3280
-3865
-4003
-3865
-3280
-2340
-1279
0
1278
2339
3279
3864
4002
3864
3279
2339
1278
0
-1279
-2340
-3280
-3865
-4003
-3865
-3280
-2340
-1279
0
1278
2339
3279
3864
4002
3864
3279
2339
1278
-1
-1279
-2340
-3280
-3865
-4003
-3865
-3280
-2340
-1279
-1
1278
2339
3279
3864
4002
3864
3279
2339
1278
0
-1279
-2340
-3280
-3865
-4003
-3865
-3280
-2340
-1279
0
1278
2339
3279
3864
4002
3864
3279
2339
1278
-1
-1279
-2340
-3280
-3865
-4003
-3865
-3280
-2340
-1279
-1
1278
2339
3279
3864
4002
3864
3279
2339
1278
0
-1279
-2340
-3280
-3865
-4003
-3865
-3280
-2340
-1279
-1
1278
2339
3279
3864
4002
3864
3279
2339
1278
-1
-1279
-2340
-3280
-3865
-4003
-3865
-3280
-2340
-1279
0
1278
2339
3279
3864
4002
3864
3279
2339
1278
0
-1279
-2340
-3280
-3865
-4003
