0
4579
-1488
4579
6303
0
6303
4579
-1488
4579
0
-4580
1487
-4580
-6304
0
-6304
-4580
1487
-4580
-1
4579
-1488
4579
6303
0
6303
4579
-1488
4579
-1
-4580
1487
-4580
-6304
0
-6304
-4580
1487
-4580
-1
4579
-1488
4579
6303
0
6303
4579
-1488
4579
0
-4580
1487
-4580
-6304
0
-6304
-4580
1487
-4580
0
4579
-1488
4579
6303
0
6303
4579
-1488
4579
0
-4580
1487
-4580
-6304
0
-6304
-4580
1487
-4580
-1
4579
-1488
4579
6303
0
6303
4579
-1488
4579
-1
-4580
1487
-4580
-6304
0
-6304
-4580
1487
-4580
-1
4579
-1488
4579
6303
0
6303
4579
-1488
4579
0
-4580
1487
-4580
-6304
0
-6304
-4580
1487
-4580
0
4579
-1488
4579
6303
0
6303
4579
-1488
4579
0
-4580
1487
-4580
-6304
0
-6304
-4580
1487
-4580
-1
4579
-1488
4579
6303
0
6303
4579
-1488
4579
0
-4580
1487
-4580
-6304
0
-6304
-4580
1487
-4580
-1
4579
-1488
4579
6303
0
6303
4579
-1488
4579
-1
-4580
1487
-4580
-6304
0
-6304
-4580
1487
-4580
0
4579
-1488
4579
6303
0
6303
4579
-1488
4579
0
-4580
1487
-4580
-6304
0
-6304
-4580
1487
-4580
-1
