0
-524288
-524288
-1572864
1048576
6815744
11010048
16252928
25165824
29884416
31457280
29884416
24641536
16252928
7864320
-2097152
-12582912
-20971520
-29360128
-34603008
-35651584
-34603008
-29360128
-21495808
-13107200
-2621440
7340032
15728640
24641536
29884416
31457280
29884416
24641536
15728640
7340032
-2621440
-13107200
-21495808
-29360128
-34603008
-35651584
-34603008
-29360128
-21495808
-13107200
-2621440
7340032
15728640
24641536
29884416
31457280
29884416
24641536
16252928
7864320
-2097152
-12582912
-20971520
-29360128
-34603008
-35651584
-34603008
-29360128
-20971520
-12582912
-2097152
7864320
16252928
24641536
29884416
31457280
29884416
24641536
16252928
7864320
-2097152
-12582912
-20971520
-29360128
-34603008
-35651584
-34603008
-29360128
-21495808
-13107200
-2621440
7340032
15728640
24641536
29884416
31457280
29884416
24641536
15728640
7340032
-2621440
-13107200
-21495808
-29360128
-34603008
-35651584
-34603008
-29360128
-21495808
-13107200
-2621440
7340032
15728640
24641536
29884416
31457280
29884416
24641536
16252928
7864320
-2097152
-12582912
-20971520
-29360128
-34603008
-35651584
-34603008
-29360128
-20971520
-12582912
-2097152
7864320
16252928
24641536
29884416
31457280
29884416
24641536
16252928
7864320
-2097152
-12582912
-20971520
-29360128
-34603008
-35651584
-34603008
-29360128
-21495808
-13107200
-2621440
7340032
15728640
24641536
29884416
31457280
29884416
24641536
16252928
7864320
-2097152
-12582912
-20971520
-29360128
-34603008
-35651584
-34603008
-29360128
-21495808
-13107200
-2621440
7340032
15728640
24641536
29884416
31457280
29884416
24641536
15728640
7340032
-2621440
-13107200
-21495808
-29360128
-34603008
-35651584
-34603008
-29360128
-20971520
-12582912
-2097152
7864320
16252928
24641536
29884416
31457280
29884416
24641536
16252928
7864320
-2097152
-12582912
-20971520
-29360128
-34603008
-35651584
