0
-64
-64
-192
128
832
1344
1984
3072
3648
3840
3648
3008
1984
960
-256
-1536
-2560
-3584
-4224
-4352
-4224
-3584
-2624
-1600
-320
896
1920
3008
3648
3840
3648
3008
1920
896
-320
-1600
-2624
-3584
-4224
-4352
-4224
-3584
-2624
-1600
-320
896
1920
3008
3648
3840
3648
3008
1984
960
-256
-1536
-2560
-3584
-4224
-4352
-4224
-3584
-2560
-1536
-256
960
1984
3008
3648
3840
3648
3008
1984
960
-256
-1536
-2560
-3584
-4224
-4352
-4224
-3584
-2624
-1600
-320
896
1920
3008
3648
3840
3648
3008
1920
896
-320
-1600
-2624
-3584
-4224
-4352
-4224
-3584
-2624
-1600
-320
896
1920
3008
3648
3840
3648
3008
1984
960
-256
-1536
-2560
-3584
-4224
-4352
-4224
-3584
-2560
-1536
-256
960
1984
3008
3648
3840
3648
3008
1984
960
-256
-1536
-2560
-3584
-4224
-4352
-4224
-3584
-2624
-1600
-320
896
1920
3008
3648
3840
3648
3008
1984
960
-256
-1536
-2560
-3584
-4224
-4352
-4224
-3584
-2624
-1600
-320
896
1920
3008
3648
3840
3648
3008
1920
896
-320
-1600
-2624
-3584
-4224
-4352
-4224
-3584
-2560
-1536
-256
960
1984
3008
3648
3840
3648
3008
1984
960
-256
-1536
-2560
-3584
-4224
-4352
